data/volant.obj
newmtl Material.012
v 0 2.05045 -1.63636
v -0.127799 1.7579 -1.60492
v -0.250687 1.47661 -1.5118
v -0.363941 1.21736 -1.36058
v -0.463209 0.990126 -1.15708
v -0.544676 0.803642 -0.909114
v -0.605212 0.665071 -0.626209
v -0.642489 0.57974 -0.319238
v -0.655077 0.550927 -0
v -0.64249 0.57974 0.319238
v -0.605212 0.665071 0.626208
v -0.544676 0.803642 0.909114
v -0.463209 0.990126 1.15708
v -0.363941 1.21736 1.36058
v -0.250687 1.47661 1.5118
v -0.127799 1.7579 1.60492
v 0 2.05045 1.63636
v 0.127799 2.34299 1.60492
v 0.250687 2.62429 1.5118
v 0.363941 2.88353 1.36058
v 0.463209 3.11077 1.15708
v 0.544677 3.29725 0.909113
v 0.605212 3.43582 0.626207
v 0.64249 3.52115 0.319237
v 0.655077 3.54996 -2e-006
v 0.642489 3.52115 -0.31924
v 0.605212 3.43582 -0.62621
v 0.544676 3.29725 -0.909116
v 0.463209 3.11076 -1.15708
v 0.36394 2.88353 -1.36059
v 0.250686 2.62428 -1.5118
v 0.127798 2.34298 -1.60492
v -0.44315 1.89567 -1.60492
v -0.31535 2.18821 -1.63636
v -0.566037 1.61437 -1.5118
v -0.679291 1.35512 -1.36058
v -0.77856 1.12789 -1.15708
v -0.860027 0.941405 -0.909114
v -0.920562 0.802835 -0.626209
v -0.95784 0.717504 -0.319238
v -0.970427 0.688691 -0
v -0.95784 0.717504 0.319238
v -0.920562 0.802835 0.626208
v -0.860027 0.941405 0.909114
v -0.77856 1.12789 1.15708
v -0.679291 1.35512 1.36058
v -0.566037 1.61437 1.5118
v -0.443149 1.89567 1.60492
v -0.31535 2.18821 1.63636
v -0.187551 2.48075 1.60492
v -0.064663 2.76205 1.5118
v 0.048591 3.0213 1.36058
v 0.147859 3.24853 1.15708
v 0.229326 3.43501 0.909113
v 0.289862 3.57358 0.626207
v 0.327139 3.65892 0.319237
v 0.339726 3.68773 -2e-006
v 0.327139 3.65891 -0.31924
v 0.289861 3.57358 -0.62621
v 0.229325 3.43501 -0.909116
v 0.147858 3.24853 -1.15708
v 0.04859 3.0213 -1.36059
v -0.064664 2.76205 -1.5118
v -0.187552 2.48075 -1.60492
v -0.430274 1.92514 -1.44322
v -0.31535 2.18821 -1.4715
v -0.540781 1.67218 -1.35949
v -0.642624 1.43905 -1.22351
v -0.731891 1.23472 -1.04051
v -0.80515 1.06702 -0.81752
v -0.859587 0.942412 -0.563118
v -0.893109 0.865678 -0.287075
v -0.904428 0.839768 -0
v -0.893109 0.865678 0.287075
v -0.859587 0.942412 0.563118
v -0.80515 1.06702 0.81752
v -0.731891 1.23472 1.04051
v -0.642624 1.43905 1.22351
v -0.54078 1.67218 1.35949
v -0.430274 1.92514 1.44322
v -0.31535 2.18821 1.4715
v -0.200427 2.45128 1.44322
v -0.08992 2.70424 1.35949
v 0.011924 2.93736 1.22351
v 0.10119 3.1417 1.04051
v 0.17445 3.3094 0.817519
v 0.228886 3.43401 0.563117
v 0.262408 3.51074 0.287074
v 0.273727 3.53665 -1e-006
v 0.262408 3.51074 -0.287077
v 0.228886 3.43401 -0.563119
v 0.174449 3.3094 -0.817522
v 0.10119 3.1417 -1.04051
v 0.011923 2.93736 -1.22351
v -0.089921 2.70423 -1.35949
v -0.200428 2.45128 -1.44322
v -0.303148 1.8696 -1.44322
v -0.188225 2.13267 -1.4715
v -0.413655 1.61665 -1.35949
v -0.515499 1.38352 -1.22351
v -0.604766 1.17918 -1.04051
v -0.678025 1.01148 -0.81752
v -0.732462 0.886876 -0.563118
v -0.765983 0.810142 -0.287075
v -0.777302 0.784232 -0
v -0.765984 0.810142 0.287075
v -0.732462 0.886876 0.563118
v -0.678025 1.01148 0.81752
v -0.604766 1.17918 1.04051
v -0.515499 1.38352 1.22351
v -0.413655 1.61665 1.35949
v -0.303148 1.86961 1.44322
v -0.188225 2.13267 1.4715
v -0.073302 2.39574 1.44322
v 0.037205 2.6487 1.35949
v 0.139049 2.88183 1.22351
v 0.228316 3.08616 1.04051
v 0.301575 3.25386 0.817519
v 0.356012 3.37847 0.563117
v 0.389533 3.4552 0.287074
v 0.400852 3.48111 -1e-006
v 0.389533 3.4552 -0.287077
v 0.356011 3.37847 -0.563119
v 0.301574 3.25386 -0.817522
v 0.228315 3.08616 -1.04051
v 0.139048 2.88182 -1.22351
v 0.037204 2.6487 -1.35949
v -0.073303 2.39574 -1.44322
v -0.069592 1.89114 -0.873949
v -0 2.05045 -0.891071
v -0.13651 1.73796 -0.823242
v -0.198182 1.59679 -0.740899
v -0.252238 1.47306 -0.630082
v -0.2966 1.37151 -0.495053
v -0.329565 1.29605 -0.340998
v -0.349864 1.24958 -0.173839
v -0.356718 1.23389 -0
v -0.349864 1.24958 0.173839
v -0.329565 1.29605 0.340998
v -0.2966 1.37151 0.495053
v -0.252238 1.47306 0.630082
v -0.198182 1.59679 0.740899
v -0.13651 1.73796 0.823242
v -0.069592 1.89114 0.87395
v 0 2.05045 0.891071
v 0.069592 2.20975 0.873949
v 0.13651 2.36293 0.823242
v 0.198182 2.5041 0.740898
v 0.252238 2.62784 0.630082
v 0.2966 2.72938 0.495052
v 0.329565 2.80484 0.340998
v 0.349864 2.85131 0.173839
v 0.356718 2.867 -1e-006
v 0.349864 2.85131 -0.17384
v 0.329564 2.80484 -0.340999
v 0.2966 2.72938 -0.495054
v 0.252237 2.62784 -0.630083
v 0.198182 2.5041 -0.740899
v 0.13651 2.36293 -0.823243
v 0.069592 2.20975 -0.87395
v -0.203645 1.94971 -0.873949
v -0.134053 2.10901 -0.891071
v -0.270563 1.79653 -0.823242
v -0.332235 1.65535 -0.740899
v -0.386291 1.53162 -0.630082
v -0.430653 1.43007 -0.495053
v -0.463617 1.35461 -0.340998
v -0.483917 1.30814 -0.173839
v -0.490771 1.29245 -0
v -0.483917 1.30814 0.173839
v -0.463617 1.35461 0.340998
v -0.430653 1.43007 0.495053
v -0.386291 1.53162 0.630082
v -0.332235 1.65535 0.740899
v -0.270563 1.79653 0.823242
v -0.203645 1.94971 0.87395
v -0.134053 2.10901 0.891071
v -0.06446 2.26831 0.873949
v 0.002457 2.42149 0.823242
v 0.064129 2.56266 0.740898
v 0.118185 2.6864 0.630082
v 0.162548 2.78795 0.495052
v 0.195512 2.8634 0.340998
v 0.215811 2.90987 0.173839
v 0.222665 2.92556 -1e-006
v 0.215811 2.90987 -0.17384
v 0.195512 2.8634 -0.340999
v 0.162547 2.78795 -0.495054
v 0.118185 2.6864 -0.630083
v 0.064129 2.56266 -0.740899
v 0.002457 2.42149 -0.823243
v -0.064461 2.26831 -0.87395
v -0.182914 2.03229 -0.451783
v -0.146939 2.11464 -0.460634
v -0.217507 1.9531 -0.42557
v -0.249388 1.88012 -0.383003
v -0.277332 1.81616 -0.325717
v -0.300265 1.76366 -0.255914
v -0.317306 1.72466 -0.176277
v -0.327799 1.70063 -0.089865
v -0.331343 1.69252 1e-006
v -0.327799 1.70063 0.089866
v -0.317306 1.72466 0.176278
v -0.300265 1.76366 0.255915
v -0.277332 1.81616 0.325719
v -0.249388 1.88012 0.383004
v -0.217507 1.9531 0.425572
v -0.182914 2.03229 0.451784
v -0.146939 2.11464 0.460635
v -0.110963 2.19699 0.451784
v -0.076371 2.27617 0.425572
v -0.04449 2.34915 0.383004
v -0.016546 2.41312 0.325718
v 0.006387 2.46561 0.255915
v 0.023428 2.50462 0.176278
v 0.033922 2.52864 0.089866
v 0.037465 2.53675 0
v 0.033921 2.52864 -0.089865
v 0.023428 2.50462 -0.176277
v 0.006387 2.46561 -0.255915
v -0.016546 2.41312 -0.325718
v -0.04449 2.34915 -0.383004
v -0.076371 2.27617 -0.425571
v -0.110964 2.19699 -0.451783
v -0.054832 1.97633 -0.451783
v -0.018856 2.05868 -0.460634
v -0.089425 1.89715 -0.42557
v -0.121306 1.82417 -0.383003
v -0.149249 1.7602 -0.325717
v -0.172182 1.70771 -0.255914
v -0.189223 1.6687 -0.176277
v -0.199717 1.64468 -0.089865
v -0.20326 1.63657 1e-006
v -0.199717 1.64468 0.089866
v -0.189223 1.6687 0.176278
v -0.172182 1.70771 0.255915
v -0.149249 1.7602 0.325719
v -0.121306 1.82417 0.383004
v -0.089425 1.89715 0.425572
v -0.054832 1.97633 0.451784
v -0.018856 2.05868 0.460635
v 0.017119 2.14103 0.451784
v 0.051712 2.22022 0.425572
v 0.083593 2.2932 0.383004
v 0.111537 2.35716 0.325718
v 0.13447 2.40966 0.255915
v 0.15151 2.44866 0.176278
v 0.162004 2.47269 0.089866
v 0.165547 2.4808 0
v 0.162004 2.47269 -0.089865
v 0.15151 2.44866 -0.176277
v 0.134469 2.40966 -0.255915
v 0.111536 2.35716 -0.325718
v 0.083593 2.2932 -0.383004
v 0.051712 2.22022 -0.425571
v 0.017119 2.14103 -0.451783
v -0.043303 2.00272 -0.307006
v -0.018856 2.05868 -0.313021
v -0.066811 1.94891 -0.289193
v -0.088475 1.89932 -0.260267
v -0.107464 1.85585 -0.221339
v -0.123048 1.82018 -0.173905
v -0.134628 1.79367 -0.119787
v -0.141759 1.77735 -0.061067
v -0.144167 1.77184 1e-006
v -0.141759 1.77735 0.061068
v -0.134628 1.79367 0.119789
v -0.123048 1.82018 0.173906
v -0.107464 1.85585 0.221341
v -0.088475 1.89932 0.260269
v -0.066811 1.94891 0.289195
v -0.043303 2.00272 0.307008
v -0.018856 2.05868 0.313023
v 0.00559 2.11464 0.307008
v 0.029098 2.16845 0.289195
v 0.050762 2.21805 0.260269
v 0.069751 2.26151 0.22134
v 0.085335 2.29719 0.173906
v 0.096915 2.32369 0.119789
v 0.104046 2.34002 0.061068
v 0.106454 2.34553 1e-006
v 0.104046 2.34002 -0.061067
v 0.096915 2.32369 -0.119788
v 0.085335 2.29719 -0.173905
v 0.069751 2.26151 -0.221339
v 0.050762 2.21804 -0.260267
v 0.029098 2.16845 -0.289194
v 0.00559 2.11464 -0.307006
v 0.905398 1.58827 -0.307006
v 0.929844 1.64424 -0.313021
v 0.88189 1.53446 -0.289193
v 0.860226 1.48487 -0.260267
v 0.841237 1.44141 -0.221339
v 0.825653 1.40573 -0.173905
v 0.814073 1.37923 -0.119787
v 0.806942 1.3629 -0.061067
v 0.804534 1.35739 1e-006
v 0.806942 1.3629 0.061068
v 0.814073 1.37923 0.119789
v 0.825653 1.40573 0.173906
v 0.841237 1.44141 0.221341
v 0.860226 1.48487 0.260269
v 0.88189 1.53446 0.289195
v 0.905398 1.58827 0.307008
v 0.929844 1.64424 0.313023
v 0.954291 1.7002 0.307008
v 0.977799 1.75401 0.289195
v 0.999463 1.8036 0.260269
v 1.01845 1.84706 0.22134
v 1.03404 1.88274 0.173906
v 1.04562 1.90925 0.119789
v 1.05275 1.92557 0.061068
v 1.05516 1.93108 1e-006
v 1.05275 1.92557 -0.061067
v 1.04562 1.90925 -0.119788
v 1.03404 1.88274 -0.173905
v 1.01845 1.84706 -0.221339
v 0.999463 1.8036 -0.260267
v 0.977798 1.75401 -0.289194
v 0.954291 1.7002 -0.307006
vn 0.4223 -0.7461 0.5147
vn 0.3861 -0.8291 0.4044
vn 0.8963 0.2287 -0.3798
vn 0.8623 0.1508 -0.4834
vn -0.3591 0.8907 -0.2785
vn -0.3861 0.8291 -0.4044
vn -0.8963 -0.2287 0.3798
vn -0.9216 -0.2866 0.2616
vn 0.7399 -0.0192 0.6725
vn 0.7902 0.0961 0.6052
vn -0.4664 0.6451 0.6052
vn -0.5168 0.5297 0.6725
vn 0.3861 -0.8291 -0.4044
vn 0.3591 -0.8907 -0.2785
vn -0.8975 -0.3417 -0.2785
vn -0.8706 -0.2801 -0.4044
vn 0.8344 0.1971 0.5147
vn -0.4223 0.7461 0.5147
vn 0.3425 -0.9287 -0.142
vn -0.9141 -0.3797 -0.142
vn 0.8706 0.2801 0.4044
vn -0.3861 0.8291 0.4044
vn 0.337 -0.9415 0
vn -0.9197 -0.3925 0
vn 0.8975 0.3417 0.2785
vn -0.3591 0.8907 0.2785
vn 0.3425 -0.9287 0.142
vn -0.9141 -0.3797 0.142
vn 0.9141 0.3797 0.142
vn -0.3425 0.9287 0.142
vn 0.3591 -0.8907 0.2785
vn -0.8975 -0.3417 0.2785
vn 0.9197 0.3925 0
vn -0.337 0.9415 0
vn -0.8706 -0.2801 0.4044
vn 0.9141 0.3797 -0.142
vn -0.3425 0.9287 -0.142
vn -0.8344 -0.1971 0.5147
vn 0.8975 0.3417 -0.2785
vn 0.4664 -0.6451 0.6052
vn -0.7902 -0.0961 0.6052
vn 0.8706 0.2801 -0.4044
vn 0.5168 -0.5297 0.6725
vn -0.7399 0.0192 0.6725
vn 0.6283 -0.2745 -0.7279
vn 0.5715 -0.4046 -0.7139
vn -0.6852 0.1444 -0.7139
vn -0.6283 0.2745 -0.7279
vn 0.8344 0.1971 -0.5147
vn -0.4223 0.7461 -0.5147
vn 0.5715 -0.4046 0.7139
vn -0.6852 0.1444 0.7139
vn 0.5168 -0.5297 -0.6725
vn -0.7399 0.0192 -0.6725
vn 0.7902 0.0961 -0.6052
vn -0.4664 0.6451 -0.6052
vn 0.6283 -0.2745 0.7279
vn -0.6283 0.2745 0.7279
vn 0.4664 -0.6451 -0.6052
vn -0.7902 -0.0961 -0.6052
vn 0.7399 -0.0192 -0.6725
vn -0.5168 0.5297 -0.6725
vn 0.6852 -0.1444 0.7139
vn -0.5715 0.4046 0.7139
vn 0.4223 -0.7461 -0.5147
vn -0.8344 -0.1971 -0.5147
vn 0.6852 -0.1444 -0.7139
vn -0.5715 0.4046 -0.7139
vn -0.8208 -0.0558 0.5684
vn -0.7735 0.0524 0.6316
vn -0.5641 0.5319 -0.6316
vn -0.5168 0.6402 -0.5684
vn -0.6154 0.4144 0.6705
vn -0.6688 0.2922 0.6836
vn -0.8623 -0.1508 0.4834
vn -0.6154 0.4144 -0.6705
vn -0.5641 0.5319 0.6316
vn -0.6688 0.2922 -0.6836
vn -0.5168 0.6402 0.5684
vn -0.7222 0.17 -0.6705
vn -0.4753 0.7351 0.4834
vn -0.7222 0.17 0.6705
vn -0.7735 0.0524 -0.6316
vn -0.4413 0.813 0.3798
vn -0.8208 -0.0558 -0.5684
vn -0.416 0.8709 0.2616
vn -0.8623 -0.1508 -0.4834
vn -0.4004 0.9066 0.1333
vn -0.8963 -0.2287 -0.3798
vn -0.3951 0.9186 0
vn -0.9216 -0.2866 -0.2616
vn -0.4004 0.9066 -0.1333
vn -0.9372 -0.3222 -0.1333
vn -0.416 0.8709 -0.2616
vn -0.9425 -0.3342 0
vn -0.4413 0.813 -0.3798
vn -0.9372 -0.3222 0.1333
vn -0.4753 0.7351 -0.4834
vn 0.6688 -0.2922 -0.6836
vn 0.7222 -0.17 -0.6705
vn 0.6757 -0.138 -0.7241
vn 0.618 -0.27 -0.7383
vn 0.4004 -0.9066 0.1333
vn 0.416 -0.8709 0.2616
vn 0.8208 0.0558 -0.5684
vn 0.4413 -0.813 0.3798
vn 0.7735 -0.0524 -0.6316
vn 0.6688 -0.2922 0.6836
vn 0.7222 -0.17 0.6705
vn 0.4753 -0.7351 0.4834
vn 0.7735 -0.0524 0.6316
vn 0.5168 -0.6402 0.5684
vn 0.8208 0.0558 0.5684
vn 0.5641 -0.5319 0.6316
vn 0.6154 -0.4144 -0.6705
vn 0.8623 0.1508 0.4834
vn 0.6154 -0.4144 0.6705
vn 0.5641 -0.5319 -0.6316
vn 0.8963 0.2287 0.3798
vn 0.5168 -0.6402 -0.5684
vn 0.9216 0.2866 0.2616
vn 0.4753 -0.7351 -0.4834
vn 0.9372 0.3222 0.1333
vn 0.4413 -0.813 -0.3798
vn 0.9425 0.3342 0
vn 0.416 -0.8709 -0.2616
vn 0.9372 0.3222 -0.1333
vn 0.4004 -0.9066 -0.1333
vn 0.9216 0.2866 -0.2616
vn 0.3951 -0.9186 0
vn 0.4538 -0.6459 -0.6139
vn 0.5049 -0.5289 -0.6821
vn 0.7824 -0.0616 0.6197
vn 0.8288 0.0446 0.5578
vn 0.7311 -0.011 0.6821
vn 0.7822 0.1059 0.6139
vn 0.4538 -0.6459 0.6139
vn 0.5049 -0.5289 0.6821
vn 0.5604 -0.402 -0.7241
vn 0.827 0.2084 0.522
vn 0.5604 -0.402 0.7241
vn 0.8638 0.2926 0.4102
vn 0.618 -0.27 0.7383
vn 0.8911 0.3551 0.2825
vn 0.409 -0.7484 -0.522
vn 0.9079 0.3936 0.144
vn 0.3723 -0.8325 -0.4102
vn 0.9136 0.4066 0
vn 0.345 -0.8951 -0.2825
vn 0.9079 0.3936 -0.144
vn 0.3281 -0.9336 -0.144
vn 0.8911 0.3551 -0.2825
vn 0.3225 -0.9466 0
vn 0.8638 0.2926 -0.4102
vn 0.3281 -0.9336 0.144
vn 0.827 0.2084 -0.522
vn 0.345 -0.8951 0.2825
vn 0.7822 0.1059 -0.6139
vn 0.3723 -0.8325 0.4102
vn 0.7311 -0.011 -0.6821
vn 0.6757 -0.138 0.7241
vn 0.409 -0.7484 0.522
vn 0.9277 0.271 0.2567
vn 0.9029 0.2142 0.3727
vn 0.4563 -0.808 -0.3727
vn 0.4315 -0.8648 -0.2567
vn 0.8695 0.1378 0.4743
vn 0.4162 -0.8998 -0.1309
vn 0.4111 -0.9116 0
vn 0.4162 -0.8998 0.1309
vn 0.943 0.306 0.1309
vn 0.4315 -0.8648 0.2567
vn 0.9481 0.3178 0
vn 0.4563 -0.808 0.3727
vn 0.943 0.306 -0.1309
vn 0.4897 -0.7316 0.4743
vn 0.9277 0.271 -0.2567
vn 0.5304 -0.6384 0.5578
vn 0.9029 0.2142 -0.3727
vn 0.5768 -0.5321 0.6197
vn 0.6796 -0.2969 -0.6708
vn 0.6272 -0.4168 -0.6579
vn 0.8695 0.1378 -0.4743
vn 0.6272 -0.4168 0.6579
vn 0.5768 -0.5321 -0.6197
vn 0.8288 0.0446 -0.5578
vn 0.6796 -0.2969 0.6708
vn 0.5304 -0.6384 -0.5578
vn 0.7824 -0.0616 -0.6197
vn 0.732 -0.1769 0.6579
vn 0.4897 -0.7316 -0.4743
vn 0.732 -0.1769 -0.6579
vn 0.7902 0.096 -0.6052
curmat=0
numvertex :320 193 290 1
3.....
